   1.0000000000000000            16376
   1.0100000000000000            16358
   1.0200000000000000            16364
   1.0300000000000000            16372
   1.0400000000000000            16370
   1.0500000000000000            16360
   1.0600000000000001            16354
   1.0700000000000001            16366
   1.0800000000000001            16354
   1.0900000000000001            16358
   1.1000000000000001            16356
   1.1100000000000001            16366
   1.1200000000000001            16358
   1.1299999999999999            16354
   1.1399999999999999            16328
   1.1499999999999999            16356
   1.1599999999999999            16346
   1.1699999999999999            16330
   1.1799999999999999            16360
   1.1899999999999999            16334
   1.2000000000000000            16332
   1.2100000000000000            16340
   1.2200000000000000            16330
   1.2300000000000000            16328
   1.2400000000000000            16318
   1.2500000000000000            16322
   1.2600000000000000            16308
   1.2700000000000000            16310
   1.2800000000000000            16292
   1.2900000000000000            16296
   1.3000000000000000            16292
   1.3100000000000001            16290
   1.3200000000000001            16292
   1.3300000000000001            16284
   1.3400000000000001            16248
   1.3500000000000001            16256
   1.3600000000000001            16274
   1.3700000000000001            16272
   1.3799999999999999            16254
   1.3899999999999999            16242
   1.3999999999999999            16260
   1.4099999999999999            16236
   1.4199999999999999            16222
   1.4299999999999999            16198
   1.4399999999999999            16182
   1.4500000000000000            16190
   1.4600000000000000            16182
   1.4700000000000000            16184
   1.4800000000000000            16128
   1.4900000000000000            16188
   1.5000000000000000            16162
   1.5100000000000000            16118
   1.5200000000000000            16134
   1.5300000000000000            16120
   1.5400000000000000            16118
   1.5500000000000000            16118
   1.5600000000000001            16076
   1.5700000000000001            16096
   1.5800000000000001            16062
   1.5900000000000001            16054
   1.6000000000000001            16044
   1.6100000000000001            16064
   1.6200000000000001            15994
   1.6299999999999999            16030
   1.6399999999999999            15958
   1.6499999999999999            15926
   1.6599999999999999            15972
   1.6699999999999999            15912
   1.6799999999999999            15944
   1.6899999999999999            15926
   1.7000000000000000            15964
   1.7100000000000000            15798
   1.7200000000000000            15924
   1.7300000000000000            15882
   1.7400000000000000            15832
   1.7500000000000000            15828
   1.7600000000000000            15746
   1.7700000000000000            15656
   1.7800000000000000            15752
   1.7900000000000000            15704
   1.8000000000000000            15626
   1.8100000000000001            15622
   1.8200000000000001            15522
   1.8300000000000001            15582
   1.8400000000000001            15492
   1.8500000000000001            15616
   1.8600000000000001            15568
   1.8700000000000001            15482
   1.8799999999999999            15404
   1.8899999999999999            15392
   1.8999999999999999            15312
   1.9099999999999999            15404
   1.9199999999999999            15010
   1.9299999999999999            15326
   1.9399999999999999            15242
   1.9500000000000000            15244
   1.9600000000000000            15078
   1.9700000000000000            14894
   1.9800000000000000            14964
   1.9900000000000000            14926
   2.0000000000000000            14968
   2.0099999999999998            14716
   2.0200000000000000            14816
   2.0299999999999998            14740
   2.0400000000000000            14572
   2.0499999999999998            14836
   2.0600000000000001            14494
   2.0699999999999998            14306
   2.0800000000000001            14338
   2.0899999999999999            14476
   2.1000000000000001            14106
   2.1099999999999999            14298
   2.1200000000000001            14304
   2.1299999999999999            13918
   2.1400000000000001            13264
   2.1499999999999999            13538
   2.1600000000000001            13802
   2.1699999999999999            12658
   2.1800000000000002            12810
   2.1899999999999999            13132
   2.2000000000000002            12548
   2.2100000000000000            13026
   2.2200000000000002            12622
   2.2300000000000000            12474
   2.2400000000000002            11298
   2.2500000000000000            11194
   2.2599999999999998            10546
   2.2700000000000000            11040
   2.2799999999999998             9600
   2.2900000000000000             9604
   2.2999999999999998             7878
   2.3100000000000001             9180
   2.3199999999999998             8702
   2.3300000000000001             4690
   2.3399999999999999             5618
   2.3500000000000001             7204
   2.3599999999999999             3054
   2.3700000000000001             6120
   2.3799999999999999             2818
   2.3900000000000001             4940
   2.3999999999999999             4988
   2.4100000000000001             3840
   2.4199999999999999             1128
   2.4300000000000002              980
   2.4399999999999999             1530
   2.4500000000000002             2072
   2.4600000000000000             3110
   2.4700000000000002             1614
   2.4800000000000000             1548
   2.4900000000000002             1412
   2.5000000000000000              642
   2.5099999999999998              438
   2.5200000000000000             1558
   2.5299999999999998              738
   2.5400000000000000              576
   2.5499999999999998              144
   2.5600000000000001              396
   2.5699999999999998             1712
   2.5800000000000001             1756
   2.5899999999999999             1300
   2.6000000000000001              972
   2.6099999999999999              156
   2.6200000000000001              260
   2.6299999999999999              390
   2.6400000000000001              544
   2.6499999999999999             1398
   2.6600000000000001               88
   2.6699999999999999              396
   2.6800000000000002             1688
   2.6899999999999999              286
   2.7000000000000002              430
   2.7100000000000000              990
   2.7200000000000002             1172
   2.7300000000000000             1102
   2.7400000000000002              598
   2.7500000000000000              324
   2.7599999999999998              166
   2.7700000000000000              318
   2.7799999999999998              474
   2.7900000000000000              752
   2.7999999999999998              246
   2.8100000000000001              292
   2.8199999999999998             1468
   2.8300000000000001              404
   2.8399999999999999               72
   2.8500000000000001              782
   2.8599999999999999              728
   2.8700000000000001                6
   2.8799999999999999              740
   2.8900000000000001              602
   2.8999999999999999              246
   2.9100000000000001              672
   2.9199999999999999              144
   2.9300000000000002              984
   2.9399999999999999              254
   2.9500000000000002              184
   2.9600000000000000              120
   2.9700000000000002              690
   2.9800000000000000               14
   2.9900000000000002              570
   3.0000000000000000              636
   3.0099999999999998              348
   3.0200000000000000                4
   3.0299999999999998                4
   3.0400000000000000              274
   3.0499999999999998              534
   3.0600000000000001              100
   3.0699999999999998              362
   3.0800000000000001              290
   3.0899999999999999              454
   3.1000000000000001              134
   3.1099999999999999              636
   3.1200000000000001              276
   3.1299999999999999               42
   3.1400000000000001              224
   3.1499999999999999              252
   3.1600000000000001              330
   3.1699999999999999              202
   3.1800000000000002              198
   3.1899999999999999               76
   3.2000000000000002              340
   3.2100000000000000              518
   3.2200000000000002              312
   3.2300000000000000              522
   3.2400000000000002              372
   3.2500000000000000              154
   3.2599999999999998              766
   3.2700000000000000              106
   3.2799999999999998              242
   3.2900000000000000              222
   3.2999999999999998               22
   3.3100000000000001              332
   3.3199999999999998              200
   3.3300000000000001              198
   3.3399999999999999              278
   3.3500000000000001              294
   3.3599999999999999              558
   3.3700000000000001              120
   3.3799999999999999              194
   3.3900000000000001              742
   3.3999999999999999              212
   3.4100000000000001               14
   3.4199999999999999              378
   3.4300000000000002              270
   3.4399999999999999               32
   3.4500000000000002              416
   3.4600000000000000              914
   3.4700000000000002              662
   3.4800000000000000              714
   3.4900000000000002               20
   3.5000000000000000              450
   3.5099999999999998              346
   3.5200000000000000             1114
   3.5299999999999998              406
   3.5400000000000000              524
   3.5499999999999998              800
   3.5600000000000001              226
   3.5699999999999998              262
   3.5800000000000001              132
   3.5899999999999999              134
   3.6000000000000001              108
   3.6099999999999999              100
   3.6200000000000001              218
   3.6299999999999999               82
   3.6400000000000001              118
   3.6499999999999999              790
   3.6600000000000001              690
   3.6699999999999999              442
   3.6800000000000002              824
   3.6899999999999999              236
   3.7000000000000002              596
   3.7100000000000000              102
   3.7200000000000002              302
   3.7300000000000000              392
   3.7400000000000002              198
   3.7500000000000000              222
   3.7599999999999998              240
   3.7700000000000000               32
   3.7799999999999998              586
   3.7900000000000000               28
   3.7999999999999998              180
   3.8100000000000001              134
   3.8199999999999998              266
   3.8300000000000001              406
   3.8399999999999999              472
   3.8500000000000001              306
   3.8599999999999999              216
   3.8700000000000001              512
   3.8799999999999999               82
   3.8900000000000001              214
   3.8999999999999999               88
   3.9100000000000001              372
   3.9199999999999999              778
   3.9300000000000002              158
   3.9399999999999999              308
   3.9500000000000002              184
   3.9600000000000000              270
   3.9700000000000002               56
   3.9800000000000000              226
   3.9900000000000002               60
   4.0000000000000000              284
   4.0099999999999998              182
   4.0199999999999996                2
   4.0300000000000002              162
   4.0400000000000000               22
   4.0499999999999998              270
   4.0599999999999996              444
   4.0700000000000003               60
   4.0800000000000001              372
   4.0899999999999999              368
   4.0999999999999996              260
   4.1100000000000003              376
   4.1200000000000001                0
   4.1299999999999999              746
   4.1399999999999997              452
   4.1500000000000004               76
   4.1600000000000001              140
   4.1699999999999999              720
   4.1799999999999997               16
   4.1900000000000004              234
   4.2000000000000002               86
   4.2100000000000000              472
   4.2199999999999998              270
   4.2300000000000004               86
   4.2400000000000002              248
   4.2500000000000000               10
   4.2599999999999998              290
   4.2699999999999996              486
   4.2800000000000002              162
   4.2900000000000000              170
   4.2999999999999998              426
   4.3099999999999996              242
   4.3200000000000003              790
   4.3300000000000001              196
   4.3399999999999999              180
   4.3499999999999996              342
   4.3600000000000003              172
   4.3700000000000001              432
   4.3799999999999999              108
   4.3899999999999997              186
   4.4000000000000004               78
   4.4100000000000001               96
   4.4199999999999999              164
   4.4299999999999997               16
   4.4400000000000004              254
   4.4500000000000002              302
   4.4600000000000000              406
   4.4699999999999998              274
   4.4800000000000004              262
   4.4900000000000002              144
   4.5000000000000000              244
   4.5099999999999998               68
   4.5199999999999996              238
   4.5300000000000002              174
   4.5400000000000000              142
   4.5499999999999998              234
   4.5599999999999996              270
   4.5700000000000003               26
   4.5800000000000001              446
   4.5899999999999999              312
   4.5999999999999996              176
   4.6100000000000003              424
   4.6200000000000001              228
   4.6299999999999999               92
   4.6399999999999997              188
   4.6500000000000004              152
   4.6600000000000001               84
   4.6699999999999999              162
   4.6799999999999997               12
   4.6900000000000004               28
   4.7000000000000002              130
   4.7100000000000000              208
   4.7199999999999998              302
   4.7300000000000004              208
   4.7400000000000002               62
   4.7500000000000000              196
   4.7599999999999998               60
   4.7699999999999996               26
   4.7800000000000002              586
   4.7900000000000000               36
   4.7999999999999998              456
   4.8099999999999996              262
   4.8200000000000003              824
   4.8300000000000001               42
   4.8399999999999999              236
   4.8499999999999996              214
   4.8600000000000003              214
   4.8700000000000001              142
   4.8799999999999999              296
   4.8899999999999997               78
   4.9000000000000004               62
   4.9100000000000001               64
   4.9199999999999999              472
   4.9299999999999997               70
   4.9400000000000004               14
   4.9500000000000002              276
   4.9600000000000000               94
   4.9699999999999998              334
   4.9800000000000004              514
   4.9900000000000002              408
   5.0000000000000000              204
