   1.0000000000000000E-002         768
   2.0000000000000000E-002        4076
   2.9999999999999999E-002        4086
   4.0000000000000001E-002           0
   5.0000000000000003E-002        4078
   5.9999999999999998E-002        4076
   7.0000000000000007E-002        4096
   8.0000000000000002E-002        4096
   8.9999999999999997E-002        4096
  0.10000000000000001             4096
  0.11000000000000000              254
  0.12000000000000000             1146
  0.13000000000000000             4076
  0.14000000000000001              256
  0.14999999999999999             4076
  0.16000000000000000             4096
  0.17000000000000001             1280
  0.17999999999999999             1280
  0.19000000000000000             4096
  0.20000000000000001             4096
  0.20999999999999999             4096
  0.22000000000000000                0
  0.23000000000000001             4088
  0.23999999999999999             2408
  0.25000000000000000             1032
  0.26000000000000001             4086
  0.27000000000000002             2030
  0.28000000000000003             4096
  0.28999999999999998             4096
  0.29999999999999999             4096
  0.31000000000000000              384
  0.32000000000000001              768
  0.33000000000000002             4086
  0.34000000000000002             4086
  0.34999999999999998             4086
  0.35999999999999999             2732
  0.37000000000000000             4086
  0.38000000000000000             2048
  0.39000000000000001             4096
  0.40000000000000002             4086
  0.40999999999999998             4086
  0.41999999999999998              116
  0.42999999999999999             2552
  0.44000000000000000             4086
  0.45000000000000001             4086
  0.46000000000000002             4096
  0.46999999999999997             1092
  0.47999999999999998             1518
  0.48999999999999999             4096
  0.50000000000000000             4096
  0.51000000000000001              116
  0.52000000000000002             4096
  0.53000000000000003             4096
  0.54000000000000004             4084
  0.55000000000000004             4096
  0.56000000000000005             4096
  0.56999999999999995              780
  0.57999999999999996                6
  0.58999999999999997             4096
  0.59999999999999998             4096
  0.60999999999999999             4086
  0.62000000000000000             1896
  0.63000000000000000             4084
  0.64000000000000001             4086
  0.65000000000000002             4084
  0.66000000000000003             4096
  0.67000000000000004             4096
  0.68000000000000005             4096
  0.68999999999999995             4096
  0.69999999999999996             1890
  0.70999999999999996             4082
  0.71999999999999997             4096
  0.72999999999999998             4086
  0.73999999999999999             4096
  0.75000000000000000             4086
  0.76000000000000001             4084
  0.77000000000000002             4096
  0.78000000000000003              910
  0.79000000000000004             4086
  0.80000000000000004              220
  0.81000000000000005             4076
  0.81999999999999995             4086
  0.82999999999999996             4094
  0.83999999999999997             4064
  0.84999999999999998             4096
  0.85999999999999999             4008
  0.87000000000000000              620
  0.88000000000000000             4096
  0.89000000000000001             4076
  0.90000000000000002             4094
  0.91000000000000003             4082
  0.92000000000000004             4084
  0.93000000000000005              442
  0.93999999999999995             4068
  0.94999999999999996             1232
  0.95999999999999996             4076
  0.96999999999999997             4086
  0.97999999999999998             1240
  0.98999999999999999             4094
   1.0000000000000000             4092
   1.0100000000000000             4092
   1.0200000000000000             4076
   1.0300000000000000             4092
   1.0400000000000000             4080
   1.0500000000000000             4090
   1.0600000000000001             4060
   1.0700000000000001             4090
   1.0800000000000001             4070
   1.0900000000000001             3302
   1.1000000000000001             4076
   1.1100000000000001             4076
   1.1200000000000001             4080
   1.1299999999999999             4072
   1.1399999999999999             4092
   1.1499999999999999             4086
   1.1599999999999999             4092
   1.1699999999999999             4048
   1.1799999999999999             4088
   1.1899999999999999             4086
   1.2000000000000000             4090
   1.2100000000000000             1420
   1.2200000000000000             4090
   1.2300000000000000             4026
   1.2400000000000000             4046
   1.2500000000000000             4080
   1.2600000000000000             4076
   1.2700000000000000             4062
   1.2800000000000000             4086
   1.2900000000000000             2042
   1.3000000000000000             4068
   1.3100000000000001             4058
   1.3200000000000001             4062
   1.3300000000000001             1676
   1.3400000000000001             4052
   1.3500000000000001              160
   1.3600000000000001             4070
   1.3700000000000001             4060
   1.3799999999999999             4022
   1.3899999999999999             4038
   1.3999999999999999              864
   1.4099999999999999             4052
   1.4199999999999999             4058
   1.4299999999999999             4030
   1.4399999999999999             4058
   1.4500000000000000              486
   1.4600000000000000             4020
   1.4700000000000000             4044
   1.4800000000000000              920
   1.4900000000000000             3978
   1.5000000000000000             4040
   1.5100000000000000             1168
   1.5200000000000000             2692
   1.5300000000000000             4042
   1.5400000000000000             4014
   1.5500000000000000             2030
   1.5600000000000001             2764
   1.5700000000000001             4024
   1.5800000000000001             4024
   1.5900000000000001             3980
   1.6000000000000001             4000
   1.6100000000000001             3998
   1.6200000000000001             3984
   1.6299999999999999             3982
   1.6399999999999999             3980
   1.6499999999999999             3912
   1.6599999999999999             3982
   1.6699999999999999             3986
   1.6799999999999999             3964
   1.6899999999999999             3902
   1.7000000000000000             3948
   1.7100000000000000             3958
   1.7200000000000000             3902
   1.7300000000000000             3986
   1.7400000000000000             3984
   1.7500000000000000             3938
   1.7600000000000000             3918
   1.7700000000000000              250
   1.7800000000000000             3832
   1.7900000000000000             3924
   1.8000000000000000             3354
   1.8100000000000001             3690
   1.8200000000000001             3936
   1.8300000000000001              288
   1.8400000000000001             3652
   1.8500000000000001             3826
   1.8600000000000001             3668
   1.8700000000000001             3892
   1.8799999999999999             3836
   1.8899999999999999             2184
   1.8999999999999999             3742
   1.9099999999999999             3848
   1.9199999999999999             3774
   1.9299999999999999             3476
   1.9399999999999999             3596
   1.9500000000000000             3766
   1.9600000000000000              120
   1.9700000000000000              590
   1.9800000000000000             2624
   1.9900000000000000             3692
   2.0000000000000000             3732
   2.0099999999999998             3642
   2.0200000000000000             3430
   2.0299999999999998             3200
   2.0400000000000000             3540
   2.0499999999999998             3462
   2.0600000000000001             3640
   2.0699999999999998             3504
   2.0800000000000001             3548
   2.0899999999999999             3010
   2.1000000000000001             3618
   2.1099999999999999             3446
   2.1200000000000001             3392
   2.1299999999999999             3554
   2.1400000000000001             3540
   2.1499999999999999             3524
   2.1600000000000001             2850
   2.1699999999999999             2096
   2.1800000000000002             3318
   2.1899999999999999             3232
   2.2000000000000002             1976
   2.2100000000000000             3000
   2.2200000000000002             2620
   2.2300000000000000             2962
   2.2400000000000002             3150
   2.2500000000000000             1788
   2.2599999999999998             2374
   2.2700000000000000             1094
   2.2799999999999998             2418
   2.2900000000000000              504
   2.2999999999999998             2092
   2.3100000000000001              380
   2.3199999999999998             1332
   2.3300000000000001              122
   2.3399999999999999              236
   2.3500000000000001              362
   2.3599999999999999              890
   2.3700000000000001               40
   2.3799999999999999             2080
   2.3900000000000001              298
   2.3999999999999999              106
   2.4100000000000001              422
   2.4199999999999999             1346
   2.4300000000000002              670
   2.4399999999999999              706
   2.4500000000000002              402
   2.4600000000000000              418
   2.4700000000000002              754
   2.4800000000000000              370
   2.4900000000000002              664
   2.5000000000000000              312
   2.5099999999999998              152
   2.5200000000000000               52
   2.5299999999999998              356
   2.5400000000000000               92
   2.5499999999999998              412
   2.5600000000000001              266
   2.5699999999999998               36
   2.5800000000000001              340
   2.5899999999999999              138
   2.6000000000000001               74
   2.6099999999999999               52
   2.6200000000000001              586
   2.6299999999999999              448
   2.6400000000000001              496
   2.6499999999999999              504
   2.6600000000000001              478
   2.6699999999999999                4
   2.6800000000000002               66
   2.6899999999999999                0
   2.7000000000000002              650
   2.7100000000000000              436
   2.7200000000000002               46
   2.7300000000000000              250
   2.7400000000000002              186
   2.7500000000000000                8
   2.7599999999999998              362
   2.7700000000000000              536
   2.7799999999999998              352
   2.7900000000000000              288
   2.7999999999999998              586
   2.8100000000000001              428
   2.8199999999999998               58
   2.8300000000000001              384
   2.8399999999999999               28
   2.8500000000000001              200
   2.8599999999999999              210
   2.8700000000000001              504
   2.8799999999999999              236
   2.8900000000000001              580
   2.8999999999999999              246
   2.9100000000000001              352
   2.9199999999999999              104
   2.9300000000000002              112
   2.9399999999999999              284
   2.9500000000000002              114
   2.9600000000000000              280
   2.9700000000000002               18
   2.9800000000000000               66
   2.9900000000000002              102
   3.0000000000000000              550
   3.0099999999999998               10
   3.0200000000000000               22
   3.0299999999999998               48
   3.0400000000000000              106
   3.0499999999999998              178
   3.0600000000000001              186
   3.0699999999999998              156
   3.0800000000000001              222
   3.0899999999999999              240
   3.1000000000000001              146
   3.1099999999999999               24
   3.1200000000000001              266
   3.1299999999999999              154
   3.1400000000000001              206
   3.1499999999999999              374
   3.1600000000000001              332
   3.1699999999999999              236
   3.1800000000000002              270
   3.1899999999999999              296
   3.2000000000000002              288
   3.2100000000000000              104
   3.2200000000000002              300
   3.2300000000000000              264
   3.2400000000000002               86
   3.2500000000000000              206
   3.2599999999999998              264
   3.2700000000000000              344
   3.2799999999999998              104
   3.2900000000000000              110
   3.2999999999999998              302
   3.3100000000000001              120
   3.3199999999999998              280
   3.3300000000000001               58
   3.3399999999999999              224
   3.3500000000000001              112
   3.3599999999999999               90
   3.3700000000000001              400
   3.3799999999999999               44
   3.3900000000000001              246
   3.3999999999999999               48
   3.4100000000000001              180
   3.4199999999999999               34
   3.4300000000000002              162
   3.4399999999999999              216
   3.4500000000000002               86
   3.4600000000000000              264
   3.4700000000000002               72
   3.4800000000000000              108
   3.4900000000000002                8
   3.5000000000000000                8
   3.5099999999999998               28
   3.5200000000000000               52
   3.5299999999999998              234
   3.5400000000000000              302
   3.5499999999999998               64
   3.5600000000000001              410
   3.5699999999999998              130
   3.5800000000000001              152
   3.5899999999999999               86
   3.6000000000000001              130
   3.6099999999999999              194
   3.6200000000000001               98
   3.6299999999999999               50
   3.6400000000000001              396
   3.6499999999999999               22
   3.6600000000000001               72
   3.6699999999999999               46
   3.6800000000000002               44
   3.6899999999999999              142
   3.7000000000000002              258
   3.7100000000000000              102
   3.7200000000000002               78
   3.7300000000000000              106
   3.7400000000000002              156
   3.7500000000000000              170
   3.7599999999999998                6
   3.7700000000000000               44
   3.7799999999999998               24
   3.7900000000000000              156
   3.7999999999999998              214
   3.8100000000000001              118
   3.8199999999999998               14
   3.8300000000000001              124
   3.8399999999999999              116
   3.8500000000000001              152
   3.8599999999999999              274
   3.8700000000000001              200
   3.8799999999999999               18
   3.8900000000000001               42
   3.8999999999999999               50
   3.9100000000000001               68
   3.9199999999999999              240
   3.9300000000000002              314
   3.9399999999999999               26
   3.9500000000000002              252
   3.9600000000000000                8
   3.9700000000000002              176
   3.9800000000000000               30
   3.9900000000000002              104
   4.0000000000000000               24
   4.0099999999999998              186
   4.0199999999999996              102
   4.0300000000000002               34
   4.0400000000000000               34
   4.0499999999999998               12
   4.0599999999999996               60
   4.0700000000000003              110
   4.0800000000000001               64
   4.0899999999999999              118
   4.0999999999999996              126
   4.1100000000000003              236
   4.1200000000000001              132
   4.1299999999999999              136
   4.1399999999999997              126
   4.1500000000000004              104
   4.1600000000000001               60
   4.1699999999999999               40
   4.1799999999999997               76
   4.1900000000000004              180
   4.2000000000000002               48
   4.2100000000000000              140
   4.2199999999999998               96
   4.2300000000000004               76
   4.2400000000000002               46
   4.2500000000000000               34
   4.2599999999999998              150
   4.2699999999999996               54
   4.2800000000000002               96
   4.2900000000000000              116
   4.2999999999999998              188
   4.3099999999999996              116
   4.3200000000000003               66
   4.3300000000000001              132
   4.3399999999999999               36
   4.3499999999999996              420
   4.3600000000000003              194
   4.3700000000000001                2
   4.3799999999999999              206
   4.3899999999999997              214
   4.4000000000000004              164
   4.4100000000000001               56
   4.4199999999999999               32
   4.4299999999999997              108
   4.4400000000000004               42
   4.4500000000000002               80
   4.4600000000000000              156
   4.4699999999999998               98
   4.4800000000000004               24
   4.4900000000000002               20
   4.5000000000000000               82
   4.5099999999999998              178
   4.5199999999999996               26
   4.5300000000000002               74
   4.5400000000000000               28
   4.5499999999999998              142
   4.5599999999999996              206
   4.5700000000000003               44
   4.5800000000000001               68
   4.5899999999999999               46
   4.5999999999999996              116
   4.6100000000000003               44
   4.6200000000000001               72
   4.6299999999999999               36
   4.6399999999999997               94
   4.6500000000000004               12
   4.6600000000000001              184
   4.6699999999999999              284
   4.6799999999999997               30
   4.6900000000000004              256
   4.7000000000000002                2
   4.7100000000000000               38
   4.7199999999999998               66
   4.7300000000000004               26
   4.7400000000000002              208
   4.7500000000000000               32
   4.7599999999999998                4
   4.7699999999999996               18
   4.7800000000000002               94
   4.7900000000000000              110
   4.7999999999999998              106
   4.8099999999999996              168
   4.8200000000000003               34
   4.8300000000000001              282
   4.8399999999999999               90
   4.8499999999999996              146
   4.8600000000000003               38
   4.8700000000000001               94
   4.8799999999999999              284
   4.8899999999999997               74
   4.9000000000000004               60
   4.9100000000000001               92
   4.9199999999999999               60
   4.9299999999999997               42
   4.9400000000000004              126
   4.9500000000000002              162
   4.9600000000000000               98
   4.9699999999999998              230
   4.9800000000000004                2
   4.9900000000000002                2
   5.0000000000000000              148
