   0.0000000000000000        0.0000000000000000     
   4.0000000000000001E-002   0.0000000000000000     
   8.0000000000000002E-002   0.0000000000000000     
  0.12000000000000000        0.0000000000000000     
  0.16000000000000000        0.0000000000000000     
  0.20000000000000001        0.0000000000000000     
  0.23999999999999999        0.0000000000000000     
  0.28000000000000003        0.0000000000000000     
  0.32000000000000001        0.0000000000000000     
  0.35999999999999999        0.0000000000000000     
  0.40000000000000002        0.0000000000000000     
  0.44000000000000000        0.0000000000000000     
  0.47999999999999998        0.0000000000000000     
  0.52000000000000002        0.0000000000000000     
  0.56000000000000005        0.0000000000000000     
  0.59999999999999998        0.0000000000000000     
  0.64000000000000001        5.0580468813343771E-008
  0.68000000000000005        9.9156349797624443E-010
  0.71999999999999997        2.2487011253069511E-008
  0.76000000000000001        1.0537441585967144E-008
  0.80000000000000004        1.1627059604002454E-007
  0.83999999999999997        2.4662982789358523E-007
  0.88000000000000000        5.0646447136148964E-007
  0.92000000000000004        7.5012639011440285E-007
  0.95999999999999996        1.2297249752935002E-006
   1.0000000000000000        7.0424633746846155E-007
   1.0400000000000000        1.8238089354305487E-006
   1.0800000000000001        2.2302200789470206E-006
   1.1200000000000001        4.2673251339220286E-006
   1.1599999999999999        7.1739012263982715E-006
   1.2000000000000000        6.5287765316224267E-006
   1.2400000000000000        1.2063355674607479E-005
   1.2800000000000000        9.4250533675399595E-006
   1.3200000000000001        1.0650180157001365E-005
   1.3600000000000001        1.9188431179428811E-005
   1.3999999999999999        1.5829051998372812E-005
   1.4399999999999999        4.4191101670865152E-005
   1.4800000000000000        4.0781582335003286E-005
   1.5200000000000000        5.5902360887261082E-005
   1.5600000000000001        4.2036590389593620E-005
   1.6000000000000001        5.5946190232747384E-005
   1.6399999999999999        9.5195192123087580E-005
   1.6799999999999999        1.1310146539278421E-004
   1.7200000000000000        1.6013559970062818E-004
   1.7600000000000000        1.7386020141596514E-004
   1.8000000000000000        2.0205296227415737E-004
   1.8400000000000001        6.5765629996905606E-004
   1.8799999999999999        2.6187414011225041E-004
   1.9199999999999999        4.6659156002026858E-004
   1.9600000000000000        4.6728167613363514E-004
   2.0000000000000000        4.1348106750327407E-004
   2.0400000000000000        8.6421348539378329E-004
   2.0800000000000001        8.7587924800869299E-004
   2.1200000000000001        7.9271666674662900E-004
   2.1600000000000001        5.2896492341558687E-004
   2.2000000000000002        2.6469099755798142E-003
   2.2400000000000002        4.4901718962157555E-003
   2.2799999999999998        2.3406049594101308E-003
   2.3199999999999998        1.1667606060253523E-002
   2.3599999999999999        4.0762883239364445E-003
   2.3999999999999999        7.1859237995056183E-003
   2.4399999999999999        1.0119012001281347E-002
   2.4800000000000000        6.3769215814208947E-003
   2.5200000000000000        8.6477063427352965E-003
   2.5600000000000001        5.5698625965236725E-003
   2.6000000000000001        7.8121610543727890E-003
   2.6400000000000001        2.9276473518276220E-003
   2.6800000000000002        7.2457013812160503E-003
   2.7200000000000002        3.8671602079158787E-003
   2.7599999999999998        5.4702721793178505E-003
   2.7999999999999998        1.0337250157195669E-002
   2.8399999999999999        9.7032680936523473E-003
   2.8799999999999999        1.0393771254876706E-002
   2.9199999999999999        5.4667492243953703E-003
   2.9600000000000000        2.5981130095363613E-003
   3.0000000000000000        2.4486951908687608E-003
   3.0400000000000000        2.9338441386703492E-003
   3.0800000000000001        2.1569920485195147E-003
   3.1200000000000001        3.1465116090759280E-003
   3.1600000000000001        3.7792257261775953E-003
   3.2000000000000002        1.8158538475036620E-003
   3.2400000000000002        1.8718242593856811E-003
   3.2799999999999998        1.9290932551025387E-003
   3.3199999999999998        1.7497666634670259E-003
   3.3599999999999999        2.8588221173767095E-003
   3.3999999999999999        2.4033008539794919E-003
   3.4399999999999999        3.4077624735927578E-003
   3.4800000000000000        1.4508852179622657E-003
   3.5200000000000000        1.3838177931503300E-003
   3.5600000000000001        2.2451150677734377E-003
   3.6000000000000001        1.7757678747009282E-003
   3.6400000000000001        1.7730424167537694E-003
   3.6800000000000002        1.8487340141052242E-003
   3.7200000000000002        1.0166289050197600E-003
   3.7599999999999998        2.2035376610702508E-003
   3.7999999999999998        1.2773882123256683E-003
   3.8399999999999999        1.8668380462917335E-003
   3.8799999999999999        1.5389521723876949E-003
   3.9199999999999999        1.3021185354274750E-003
   3.9600000000000000        1.0787376737514498E-003
   4.0000000000000000        1.2561075811306005E-003
   4.0400000000000000        1.1738151763271334E-003
   4.0800000000000001        2.0606151844345093E-003
   4.1200000000000001        1.3834983136714937E-003
   4.1600000000000001        1.5010917739070894E-003
   4.2000000000000002        6.6222708248138418E-004
   4.2400000000000002        1.0636067641586304E-003
   4.2800000000000002        1.3510285832881931E-003
   4.3200000000000003        7.1909554561615002E-004
   4.3600000000000003        9.1653902866783163E-004
   4.4000000000000004        1.1658323716732025E-003
   4.4400000000000004        1.1561904321102144E-003
   4.4800000000000004        9.7195917733726520E-004
   4.5199999999999996        1.3108666747665408E-003
   4.5599999999999996        8.2297543682708740E-004
   4.5999999999999996        1.6447351904293056E-003
   4.6399999999999997        1.2749936740097047E-003
   4.6799999999999997        1.4610209818935395E-003
   4.7199999999999998        9.6131571745872472E-004
   4.7599999999999998        1.1177567110591891E-003
   4.7999999999999998        1.1029439332485200E-003
   4.8399999999999999        9.6856657706260703E-004
   4.8799999999999999        9.4870863479003926E-004
   4.9199999999999999        1.1528153325771331E-003
   4.9600000000000000        1.1744275742153168E-003
   5.0000000000000000        1.1029655303096773E-003
   1.0000000000000000E-002   0.0000000000000000     
   5.0000000000000003E-002   0.0000000000000000     
   8.9999999999999997E-002   0.0000000000000000     
  0.13000000000000000        0.0000000000000000     
  0.17000000000000001        0.0000000000000000     
  0.20999999999999999        0.0000000000000000     
  0.25000000000000000        0.0000000000000000     
  0.28999999999999998        0.0000000000000000     
  0.33000000000000002        0.0000000000000000     
  0.37000000000000000        0.0000000000000000     
  0.40999999999999998        0.0000000000000000     
  0.45000000000000001        0.0000000000000000     
  0.48999999999999999        0.0000000000000000     
  0.53000000000000003        0.0000000000000000     
  0.56999999999999995        0.0000000000000000     
  0.60999999999999999        0.0000000000000000     
  0.65000000000000002        0.0000000000000000     
  0.68999999999999995        2.4672011877946431E-008
  0.72999999999999998        4.2676757683324240E-009
  0.77000000000000002        7.8791770885544565E-008
  0.81000000000000005        5.5695982270620448E-008
  0.84999999999999998        3.7493234861241120E-007
  0.89000000000000001        4.5126469383482970E-007
  0.93000000000000005        7.1666451673113585E-007
  0.96999999999999997        7.4362635771318963E-007
   1.0100000000000000        1.2274374024956458E-006
   1.0500000000000000        1.8388348538289634E-006
   1.0900000000000001        2.5598601955945099E-006
   1.1299999999999999        3.4169167142383827E-006
   1.1699999999999999        4.0287567409924563E-006
   1.2100000000000000        5.7237586056357870E-006
   1.2500000000000000        8.2822906112278716E-006
   1.2900000000000000        7.2146530213368365E-006
   1.3300000000000001        1.8757912246258890E-005
   1.3700000000000001        1.9444263943180218E-005
   1.4099999999999999        2.2231635952385531E-005
   1.4500000000000000        4.0251576720717885E-005
   1.4900000000000000        3.3865089178020114E-005
   1.5300000000000000        5.3455128087964709E-005
   1.5700000000000001        5.4632946624888490E-005
   1.6100000000000001        9.5611127501005200E-005
   1.6499999999999999        8.8019579881137844E-005
   1.6899999999999999        6.7986321580448816E-005
   1.7300000000000000        1.0448657494965818E-004
   1.7700000000000000        1.4238544610556403E-004
   1.8100000000000001        7.2359552645540060E-004
   1.8500000000000001        2.2483691276709017E-004
   1.8899999999999999        2.7216862356227445E-004
   1.9299999999999999        2.3397307677608392E-004
   1.9700000000000000        1.0153794653076087E-003
   2.0099999999999998        8.1592130541374708E-004
   2.0499999999999998        5.6638454466817478E-004
   2.0899999999999999        1.1622457207486336E-003
   2.1299999999999999        1.6638101875671163E-003
   2.1699999999999999        7.8382457755122870E-003
   2.2100000000000000        1.7932876739501502E-003
   2.2500000000000000        2.2821216612533002E-003
   2.2900000000000000        1.9732068555771143E-003
   2.3300000000000001        1.0066330683824232E-002
   2.3700000000000001        6.7506307735824556E-003
   2.4100000000000001        8.4869861926418280E-003
   2.4500000000000002        1.1031883569403066E-002
   2.4900000000000002        1.7562482362056819E-003
   2.5299999999999998        1.3248423565154682E-002
   2.5699999999999998        6.9061322687343357E-003
   2.6099999999999999        5.2806761210475919E-003
   2.6499999999999999        2.3868605761093141E-003
   2.6899999999999999        4.4461791816162114E-003
   2.7300000000000000        4.5884558022121456E-003
   2.7700000000000000        2.7489907155605325E-003
   2.8100000000000001        4.3539652312374125E-003
   2.8500000000000001        2.3139788518795022E-003
   2.8900000000000001        4.5512888290859220E-003
   2.9300000000000002        4.5300266530452719E-003
   2.9700000000000002        6.5344335382961274E-003
   3.0099999999999998        3.5909224914306651E-003
   3.0499999999999998        2.5924421180175787E-003
   3.0899999999999999        3.5825707735046390E-003
   3.1299999999999999        3.9879551255702968E-003
   3.1699999999999999        2.6185312483882912E-003
   3.2100000000000000        1.6369154554866780E-003
   3.2500000000000000        2.6670631656738279E-003
   3.2900000000000000        1.5174700228267669E-003
   3.3300000000000001        4.6343454472927096E-003
   3.3700000000000001        3.1127880715576166E-003
   3.4100000000000001        2.3418799056911460E-003
   3.4500000000000002        1.6646987673763275E-003
   3.4900000000000002        1.3670280669307706E-003
   3.5299999999999998        1.4698545221542357E-003
   3.5699999999999998        2.4556718624496468E-003
   3.6099999999999999        3.7248750617919929E-003
   3.6499999999999999        1.0614872857910157E-003
   3.6899999999999999        1.4572479782375336E-003
   3.7300000000000000        2.2186281038269039E-003
   3.7700000000000000        1.2553606779769902E-003
   3.8100000000000001        3.3317191028438570E-003
   3.8500000000000001        9.4542281318626357E-004
   3.8900000000000001        2.0432791392482755E-003
   3.9300000000000002        2.0762434655517571E-003
   3.9700000000000002        2.2022036354335780E-003
   4.0099999999999998        1.0884071496273045E-003
   4.0499999999999998        1.0239219392543797E-003
   4.0899999999999999        7.2800650246582005E-004
   4.1299999999999999        1.7744022685665132E-003
   4.1699999999999999        8.4178505600585973E-004
   4.2100000000000000        1.0160539603866581E-003
   4.2500000000000000        1.1757020950790408E-003
   4.2900000000000000        1.2405061070007327E-003
   4.3300000000000001        1.4465992120361324E-003
   4.3700000000000001        7.9336867668113671E-004
   4.4100000000000001        1.0432805946804047E-003
   4.4500000000000002        9.9648252219810499E-004
   4.4900000000000002        9.5392105773773207E-004
   4.5300000000000002        9.7551661757469175E-004
   4.5700000000000003        7.3320490340232809E-004
   4.6100000000000003        1.2299608626937866E-003
   4.6500000000000004        1.3273546195312503E-003
   4.6900000000000004        1.3737352013412476E-003
   4.7300000000000004        8.7623483171234118E-004
   4.7699999999999996        8.0891152633666961E-004
   4.8099999999999996        9.2264671227874754E-004
   4.8499999999999996        1.1788484426254273E-003
   4.8899999999999997        1.2078448195552822E-003
   4.9299999999999997        1.2409399274353030E-003
   4.9699999999999998        1.0409086201110837E-003
   2.0000000000000000E-002   0.0000000000000000     
   5.9999999999999998E-002   3.4322943043285647E-008
  0.10000000000000001        0.0000000000000000     
  0.14000000000000001        0.0000000000000000     
  0.17999999999999999        0.0000000000000000     
  0.22000000000000000        0.0000000000000000     
  0.26000000000000001        0.0000000000000000     
  0.29999999999999999        0.0000000000000000     
  0.34000000000000002        0.0000000000000000     
  0.38000000000000000        0.0000000000000000     
  0.41999999999999998        0.0000000000000000     
  0.46000000000000002        0.0000000000000000     
  0.50000000000000000        0.0000000000000000     
  0.54000000000000004        0.0000000000000000     
  0.57999999999999996        0.0000000000000000     
  0.62000000000000000        1.7844810518141685E-008
  0.66000000000000003        0.0000000000000000     
  0.69999999999999996        1.7995958057070993E-008
  0.73999999999999999        4.1425474606171520E-008
  0.78000000000000003        1.0540453487806190E-007
  0.81999999999999995        1.9231581682710441E-007
  0.85999999999999999        3.7756420290246950E-007
  0.90000000000000002        2.8386984818329353E-007
  0.93999999999999995        9.6328171972359655E-007
  0.97999999999999998        9.1758605014202743E-007
   1.0200000000000000        2.2192344509841533E-006
   1.0600000000000001        2.7576172175747260E-006
   1.1000000000000001        2.8754145979803525E-006
   1.1399999999999999        5.5610130216265929E-006
   1.1799999999999999        5.3767969954154893E-006
   1.2200000000000000        5.7844302667753311E-006
   1.2600000000000000        9.0910224594953348E-006
   1.3000000000000000        1.4846724468720041E-005
   1.3400000000000001        2.1229472576655972E-005
   1.3799999999999999        1.5094543197258226E-005
   1.4199999999999999        1.7793187353509765E-005
   1.4600000000000000        3.0674706781086414E-005
   1.5000000000000000        3.1641050872832643E-005
   1.5400000000000000        4.9447088720788734E-005
   1.5800000000000001        5.1093888656206232E-005
   1.6200000000000001        6.6471714153748529E-005
   1.6599999999999999        1.2951729544641299E-004
   1.7000000000000000        6.9705123528995827E-005
   1.7400000000000000        1.2383984035480022E-004
   1.7800000000000000        1.5880463475947959E-004
   1.8200000000000001        1.3990419587683878E-004
   1.8600000000000001        2.1892476371421221E-004
   1.8999999999999999        5.1869613698729555E-004
   1.9399999999999999        4.0826764745482969E-004
   1.9800000000000000        1.2938449657589057E-003
   2.0200000000000000        1.0556238814071195E-003
   2.0600000000000001        7.0868540549273717E-004
   2.1000000000000001        1.1323713674545877E-003
   2.1400000000000001        1.4321505744075980E-003
   2.1800000000000002        4.0471079577010238E-003
   2.2200000000000002        2.2897991960143527E-003
   2.2599999999999998        1.7948124365095852E-003
   2.2999999999999998        5.1885702461914596E-003
   2.3399999999999999        4.7659062394714846E-003
   2.3799999999999999        6.0051893332764283E-003
   2.4199999999999999        7.0648994270004276E-003
   2.4600000000000000        3.8132348527282756E-003
   2.5000000000000000        1.5723258422021491E-002
   2.5400000000000000        3.1246234753261569E-003
   2.5800000000000001        8.9179140011215220E-003
   2.6200000000000001        1.6508161039489747E-003
   2.6600000000000001        9.1983811903015161E-003
   2.7000000000000002        6.5560658176254290E-003
   2.7400000000000002        3.5580103379177098E-003
   2.7799999999999998        5.1995345856872578E-003
   2.8199999999999998        2.8654591998962392E-003
   2.8599999999999999        2.7976467909912126E-003
   2.8999999999999999        2.5156796361328121E-003
   2.9399999999999999        5.2642874699691776E-003
   2.9800000000000000        3.8069554381042481E-003
   3.0200000000000000        4.2860602276576986E-003
   3.0600000000000001        3.6531223963562030E-003
   3.1000000000000001        5.5839242020992285E-003
   3.1400000000000001        1.6201395288661944E-003
   3.1800000000000002        3.7968796539424891E-003
   3.2200000000000002        2.3115884720321667E-003
   3.2599999999999998        2.6981798813167559E-003
   3.2999999999999998        3.1896933456325525E-003
   3.3399999999999999        1.3380665287460328E-003
   3.3799999999999999        2.4534981243270870E-003
   3.4199999999999999        1.4393406533016206E-003
   3.4600000000000000        2.5000147863613121E-003
   3.5000000000000000        1.2762661825069430E-003
   3.5400000000000000        2.2154013714595789E-003
   3.5800000000000001        2.3506587352890018E-003
   3.6200000000000001        1.5042549982295988E-003
   3.6600000000000001        2.0890922923946383E-003
   3.7000000000000002        2.8370386632808682E-003
   3.7400000000000002        1.6344089420589447E-003
   3.7799999999999998        1.1345885231689454E-003
   3.8199999999999998        1.8841960992431643E-003
   3.8599999999999999        1.3907152047695154E-003
   3.8999999999999999        2.7951983586181639E-003
   3.9399999999999999        8.5555613668785086E-004
   3.9800000000000000        1.4293764830928804E-003
   4.0199999999999996        1.3391914340114591E-003
   4.0599999999999996        1.5091060706039429E-003
   4.0999999999999996        1.1620322176498412E-003
   4.1399999999999997        1.1426371802001954E-003
   4.1799999999999997        1.5273576168807991E-003
   4.2199999999999998        1.7820497800765983E-003
   4.2599999999999998        1.1673654642757412E-003
   4.2999999999999998        1.7106597688198093E-003
   4.3399999999999999        1.2953444126953127E-003
   4.3799999999999999        9.3607838058471686E-004
   4.4199999999999999        8.6641755062828057E-004
   4.4600000000000000        1.0811422753906246E-003
   4.5000000000000000        1.1062102581447602E-003
   4.5400000000000000        6.6788143584861756E-004
   4.5800000000000001        8.3199802977142363E-004
   4.6200000000000001        8.2003068034515350E-004
   4.6600000000000001        1.0306415211166382E-003
   4.7000000000000002        1.5715693023132327E-003
   4.7400000000000002        1.1648938233093263E-003
   4.7800000000000002        9.5097558384361295E-004
   4.8200000000000003        1.1050156890487673E-003
   4.8600000000000003        7.6492609328269968E-004
   4.9000000000000004        9.8292266628417953E-004
   4.9400000000000004        9.6444134935913094E-004
   4.9800000000000004        8.9428712200775103E-004
   2.9999999999999999E-002   0.0000000000000000     
   7.0000000000000007E-002   0.0000000000000000     
  0.11000000000000000        0.0000000000000000     
  0.14999999999999999        0.0000000000000000     
  0.19000000000000000        0.0000000000000000     
  0.23000000000000001        0.0000000000000000     
  0.27000000000000002        0.0000000000000000     
  0.31000000000000000        0.0000000000000000     
  0.34999999999999998        0.0000000000000000     
  0.39000000000000001        0.0000000000000000     
  0.42999999999999999        0.0000000000000000     
  0.46999999999999997        0.0000000000000000     
  0.51000000000000001        0.0000000000000000     
  0.55000000000000004        0.0000000000000000     
  0.58999999999999997        0.0000000000000000     
  0.63000000000000000        0.0000000000000000     
  0.67000000000000004        3.6755855914449853E-008
  0.70999999999999996        6.9229583288255014E-008
  0.75000000000000000        1.3683471689063254E-008
  0.79000000000000004        1.2034068241906226E-007
  0.82999999999999996        7.4729296539732815E-007
  0.87000000000000000        2.5439663087212239E-007
  0.91000000000000003        6.7903137201952291E-007
  0.94999999999999996        7.9066240088465634E-007
  0.98999999999999999        9.2702150877865819E-007
   1.0300000000000000        8.3252562876889868E-007
   1.0700000000000001        2.2056212519716567E-006
   1.1100000000000001        3.5486691584152297E-006
   1.1499999999999999        6.0752685970832943E-006
   1.1899999999999999        6.1911434749983840E-006
   1.2300000000000000        7.2453224120305748E-006
   1.2700000000000000        1.1961368819868312E-005
   1.3100000000000001        1.0625447129819499E-005
   1.3500000000000001        1.7972289427237165E-005
   1.3899999999999999        3.0467235946241011E-005
   1.4299999999999999        3.4156619335701244E-005
   1.4700000000000000        2.2592230688456283E-005
   1.5100000000000000        4.0780081933533552E-005
   1.5500000000000000        5.4092997625820871E-005
   1.5900000000000001        5.0652540831030990E-005
   1.6299999999999999        8.8554352798086988E-005
   1.6699999999999999        1.0387193298333486E-004
   1.7100000000000000        7.0996926006650085E-005
   1.7500000000000000        1.2448313189528104E-004
   1.7900000000000000        1.6066393418534552E-004
   1.8300000000000001        1.7646310306962398E-004
   1.8700000000000001        2.6835513688805435E-004
   1.9099999999999999        3.8515952880702198E-004
   1.9500000000000000        2.6570126262059901E-004
   1.9900000000000000        3.7949062567710357E-004
   2.0299999999999998        7.0186672123861982E-004
   2.0699999999999998        1.5056742415145985E-003
   2.1099999999999999        7.8372863356923617E-004
   2.1499999999999999        1.1586536016845450E-003
   2.1899999999999999        3.2443676703762803E-003
   2.2300000000000000        3.9694655866562290E-003
   2.2700000000000000        6.3472721725124082E-003
   2.3100000000000001        2.6845340000830054E-002
   2.3500000000000001        4.2663792414547319E-003
   2.3900000000000001        4.0191311586166151E-003
   2.4300000000000002        1.7301623248611064E-002
   2.4700000000000002        6.6137471543884271E-003
   2.5099999999999998        6.9328023258358011E-003
   2.5499999999999998        4.5555561969661713E-003
   2.5899999999999999        2.0855990139160153E-002
   2.6299999999999999        1.3266679305791850E-002
   2.6699999999999999        4.6038454955959329E-003
   2.7100000000000000        6.9924820112270344E-003
   2.7500000000000000        2.4515447031856537E-003
   2.7900000000000000        2.9309386512905086E-003
   2.8300000000000001        6.7803455540634133E-003
   2.8700000000000001        4.3937999534774778E-003
   2.9100000000000001        5.0997660387207032E-003
   2.9500000000000002        7.3773757252498604E-003
   2.9900000000000002        2.5282540378475191E-003
   3.0299999999999998        2.6554925006069194E-003
   3.0699999999999998        3.4613377785915368E-003
   3.1099999999999999        3.2961520725154876E-003
   3.1499999999999999        6.4957521273132316E-003
   3.1899999999999999        1.5610895053554535E-003
   3.2300000000000000        2.4352656052185058E-003
   3.2700000000000000        4.9956764198669425E-003
   3.3100000000000001        6.2860304885707860E-003
   3.3500000000000001        3.0285046337829580E-003
   3.3900000000000001        2.3115433633724217E-003
   3.4300000000000002        1.6265621809078215E-003
   3.4700000000000002        1.4512628232082364E-003
   3.5099999999999998        2.3900181513027202E-003
   3.5499999999999998        1.4449364605651862E-003
   3.5899999999999999        2.7205034887069707E-003
   3.6299999999999999        2.2392544326931001E-003
   3.6699999999999999        1.5578634632381441E-003
   3.7100000000000000        2.3352690550521851E-003
   3.7500000000000000        1.3734175108337399E-003
   3.7900000000000000        1.6029259356594087E-003
   3.8300000000000001        1.3259282710994720E-003
   3.8700000000000001        9.4175698546409637E-004
   3.9100000000000001        2.0031439858211519E-003
   3.9500000000000002        1.7383997227233888E-003
   3.9900000000000002        1.1653881188350679E-003
   4.0300000000000002        9.4974507394370998E-004
   4.0700000000000003        1.9836567026332856E-003
   4.1100000000000003        1.4504510326045993E-003
   4.1500000000000004        1.3338551773925782E-003
   4.1900000000000004        1.5317682762313843E-003
   4.2300000000000004        1.5424023328365326E-003
   4.2699999999999996        9.1880629145469684E-004
   4.3099999999999996        1.3323258278621669E-003
   4.3499999999999996        1.2882251653991699E-003
   4.3899999999999997        1.0178579647460940E-003
   4.4299999999999997        1.1455180428279871E-003
   4.4699999999999998        1.2560220635494230E-003
   4.5099999999999998        1.2772320518947603E-003
   4.5499999999999998        8.1008761220970147E-004
   4.5899999999999999        8.1637494066009553E-004
   4.6299999999999999        1.3621129383483890E-003
   4.6699999999999999        1.4497191457275389E-003
   4.7100000000000000        1.3302132052516939E-003
   4.7500000000000000        8.7009529917869591E-004
   4.7900000000000000        1.0441323732849118E-003
   4.8300000000000001        9.2820408331146229E-004
   4.8700000000000001        7.2699056220092758E-004
   4.9100000000000001        8.2143962161216710E-004
   4.9500000000000002        8.0840514071617124E-004
   4.9900000000000002        6.2219415770874034E-004
