   2.0000000000000000E-002   1.0000000000000000     
   5.0000000000000003E-002   1.0000000000000000     
  0.10000000000000001        1.0000000000000000     
  0.14999999999999999        1.0000000000000000     
  0.20000000000000001        1.0000000000000000     
  0.25000000000000000        1.0000000000000000     
  0.29999999999999999        1.0000000000000000     
  0.34999999999999998        1.0000000000000000     
  0.40000000000000002        1.0000000000000000     
  0.45000000000000001        1.0000000000000000     
  0.50000000000000000        1.0000000000000000     
  0.55000000000000004        1.0000000000000000     
  0.59999999999999998        1.0000000000000000     
  0.65000000000000002       0.99996859375000002     
  0.69999999999999996       0.99999072265625000     
  0.75000000000000000       0.99994513671874996     
  0.80000000000000004       0.99999949218749995     
  0.84999999999999998       0.99982099609374997     
  0.90000000000000002       0.99962701171875001     
  0.94999999999999996       0.99949546874999995     
   1.0000000000000000       0.99937199218749995     
   1.0500000000000000       0.99873697265625005     
   1.1000000000000001       0.99841019531249997     
   1.1499999999999999       0.99768941406250000     
   1.2000000000000000       0.99717259765624999     
   1.2500000000000000       0.99709228515625004     
   1.3000000000000000       0.99559072265625004     
   1.3500000000000001       0.99316833984374997     
   1.3999999999999999       0.99001435546875005     
   1.4500000000000000       0.98984087890625005     
   1.5000000000000000       0.98578535156250002     
   1.5500000000000000       0.98350820312499998     
   1.6000000000000001       0.98096937500000003     
   1.6499999999999999       0.97794666015624998     
   1.7000000000000000       0.96927117187500000     
   1.7500000000000000       0.96745332031249998     
   1.8000000000000000       0.95755802734374995     
   1.8500000000000001       0.94925777343749995     
   1.8999999999999999       0.94564791015625005     
   1.9500000000000000       0.91648855468750001     
   2.0000000000000000       0.92239917968749996     
   2.0499999999999998       0.89534708984375000     
   2.1000000000000001       0.87643003906250005     
   2.1499999999999999       0.84792619140625003     
   2.2000000000000002       0.81290109374999997     
   2.2500000000000000       0.66720124999999997     
   2.2999999999999998       0.42466283203124999     
   2.3500000000000001       0.17270054687500000     
   2.3999999999999999       0.16941365234375000     
   2.4500000000000002       0.16526058593750001     
   2.5000000000000000       0.28675656249999998     
   2.5499999999999998       0.15619943359374999     
   2.6000000000000001       0.39219447265625001     
   2.6499999999999999       0.12872197265624999     
   2.7000000000000002        9.0804355468750000E-002
   2.7500000000000000        8.2891894531249996E-002
   2.7999999999999998        9.9352597656250000E-002
   2.8500000000000001        6.5535078124999993E-002
   2.8999999999999999        6.8283828125000001E-002
   2.9500000000000002       0.10009638671875000     
   3.0000000000000000       0.12371183593750000     
   3.0499999999999998        8.8209433593749997E-002
   3.1000000000000001        7.0901249999999999E-002
   3.1499999999999999        6.6047207031249999E-002
   3.2000000000000002        9.7916386718749998E-002
   3.2500000000000000        8.4086542968749997E-002
   3.2999999999999998        6.0861289062499997E-002
   3.3500000000000001        6.8864414062500004E-002
   3.3999999999999999        7.0471445312500006E-002
   3.4500000000000002        5.3147949218749997E-002
   3.5000000000000000        5.9173691406249999E-002
   3.5499999999999998        8.3949140625000002E-002
   3.6000000000000001        5.8468144531250002E-002
   3.6499999999999999        6.3112617187499997E-002
   3.7000000000000002        5.2386816406250002E-002
   3.7500000000000000        4.9826152343749999E-002
   3.7999999999999998        4.2140351562499997E-002
   3.8500000000000001        3.7493281250000003E-002
   3.8999999999999999        5.7936308593749999E-002
   3.9500000000000002        4.7399296874999997E-002
   4.0000000000000000        5.8533417968750001E-002
   4.0499999999999998        4.6718457031250001E-002
   4.0999999999999996        5.5352324218749999E-002
   4.1500000000000004        5.3934628906249997E-002
   4.2000000000000002        4.4077128906249999E-002
   4.2500000000000000        6.2501171874999997E-002
   4.2999999999999998        4.2591894531250001E-002
   4.3499999999999996        4.0209355468749999E-002
   4.4000000000000004        4.6022265625000003E-002
   4.4500000000000002        3.8601738281249999E-002
   4.5000000000000000        4.5098027343750000E-002
   4.5499999999999998        3.6706835937500001E-002
   4.5999999999999996        4.1448105468750003E-002
   4.6500000000000004        4.8247285156250000E-002
   4.7000000000000002        5.2924335937499997E-002
   4.7500000000000000        4.2205781249999998E-002
   4.7999999999999998        4.7555878906250001E-002
   4.8499999999999996        4.5910039062499998E-002
   4.9000000000000004        4.5197285156250003E-002
   4.9500000000000002        4.1809238281250001E-002
   5.0000000000000000        4.4809765624999998E-002
