   1.0000000000000000E-002         862
   2.0000000000000000E-002        1022
   2.9999999999999999E-002        1022
   4.0000000000000001E-002         830
   5.0000000000000003E-002        1022
   5.9999999999999998E-002        1022
   7.0000000000000007E-002        1022
   8.0000000000000002E-002        1022
   8.9999999999999997E-002        1022
  0.10000000000000001             1022
  0.11000000000000000             1022
  0.12000000000000000             1022
  0.13000000000000000              968
  0.14000000000000001             1022
  0.14999999999999999             1022
  0.16000000000000000              890
  0.17000000000000001             1022
  0.17999999999999999              916
  0.19000000000000000             1022
  0.20000000000000001             1022
  0.20999999999999999              912
  0.22000000000000000              972
  0.23000000000000001             1022
  0.23999999999999999              882
  0.25000000000000000             1022
  0.26000000000000001             1022
  0.27000000000000002             1022
  0.28000000000000003             1022
  0.28999999999999998              934
  0.29999999999999999              954
  0.31000000000000000              830
  0.32000000000000001             1022
  0.33000000000000002             1022
  0.34000000000000002             1022
  0.34999999999999998             1022
  0.35999999999999999             1022
  0.37000000000000000              924
  0.38000000000000000              972
  0.39000000000000001             1022
  0.40000000000000002              836
  0.40999999999999998             1022
  0.41999999999999998              894
  0.42999999999999999             1022
  0.44000000000000000              830
  0.45000000000000001             1022
  0.46000000000000002             1022
  0.46999999999999997             1022
  0.47999999999999998             1022
  0.48999999999999999             1022
  0.50000000000000000             1022
  0.51000000000000001             1022
  0.52000000000000002             1022
  0.53000000000000003             1022
  0.54000000000000004             1022
  0.55000000000000004             1022
  0.56000000000000005             1022
  0.56999999999999995             1022
  0.57999999999999996             1022
  0.58999999999999997              898
  0.59999999999999998             1022
  0.60999999999999999             1022
  0.62000000000000000              814
  0.63000000000000000             1022
  0.64000000000000001             1022
  0.65000000000000002             1022
  0.66000000000000003             1022
  0.67000000000000004             1022
  0.68000000000000005              690
  0.68999999999999995              856
  0.69999999999999996             1022
  0.70999999999999996             1022
  0.71999999999999997             1022
  0.72999999999999998             1022
  0.73999999999999999             1022
  0.75000000000000000             1022
  0.76000000000000001              838
  0.77000000000000002             1022
  0.78000000000000003             1022
  0.79000000000000004             1022
  0.80000000000000004             1022
  0.81000000000000005              684
  0.81999999999999995              890
  0.82999999999999996             1022
  0.83999999999999997             1022
  0.84999999999999998             1022
  0.85999999999999999             1022
  0.87000000000000000             1020
  0.88000000000000000             1022
  0.89000000000000001             1022
  0.90000000000000002             1022
  0.91000000000000003             1022
  0.92000000000000004             1020
  0.93000000000000005             1020
  0.93999999999999995             1022
  0.94999999999999996             1022
  0.95999999999999996             1018
  0.96999999999999997             1022
  0.97999999999999998             1022
  0.98999999999999999             1020
   1.0000000000000000             1020
   1.0100000000000000             1022
   1.0200000000000000             1016
   1.0300000000000000             1022
   1.0400000000000000             1022
   1.0500000000000000             1022
   1.0600000000000001             1020
   1.0700000000000001              298
   1.0800000000000001              456
   1.0900000000000001             1022
   1.1000000000000001             1014
   1.1100000000000001             1018
   1.1200000000000001             1020
   1.1299999999999999              946
   1.1399999999999999             1022
   1.1499999999999999             1020
   1.1599999999999999             1016
   1.1699999999999999             1018
   1.1799999999999999             1020
   1.1899999999999999             1022
   1.2000000000000000              162
   1.2100000000000000             1020
   1.2200000000000000             1020
   1.2300000000000000             1022
   1.2400000000000000             1014
   1.2500000000000000             1022
   1.2600000000000000             1022
   1.2700000000000000             1014
   1.2800000000000000             1014
   1.2900000000000000              146
   1.3000000000000000             1018
   1.3100000000000001             1016
   1.3200000000000001             1012
   1.3300000000000001             1014
   1.3400000000000001              526
   1.3500000000000001             1018
   1.3600000000000001             1012
   1.3700000000000001             1016
   1.3799999999999999             1012
   1.3899999999999999             1012
   1.3999999999999999             1008
   1.4099999999999999              386
   1.4199999999999999             1020
   1.4299999999999999             1008
   1.4399999999999999             1008
   1.4500000000000000             1014
   1.4600000000000000              994
   1.4700000000000000             1008
   1.4800000000000000             1016
   1.4900000000000000             1002
   1.5000000000000000             1016
   1.5100000000000000             1016
   1.5200000000000000             1004
   1.5300000000000000             1014
   1.5400000000000000             1016
   1.5500000000000000             1008
   1.5600000000000001             1006
   1.5700000000000001             1014
   1.5800000000000001              778
   1.5900000000000001             1010
   1.6000000000000001              994
   1.6100000000000001              188
   1.6200000000000001              974
   1.6299999999999999              990
   1.6399999999999999              996
   1.6499999999999999              640
   1.6599999999999999             1010
   1.6699999999999999              994
   1.6799999999999999             1004
   1.6899999999999999              984
   1.7000000000000000             1006
   1.7100000000000000              984
   1.7200000000000000              988
   1.7300000000000000              988
   1.7400000000000000              352
   1.7500000000000000              996
   1.7600000000000000              986
   1.7700000000000000              986
   1.7800000000000000              988
   1.7900000000000000              980
   1.8000000000000000              986
   1.8100000000000001              976
   1.8200000000000001              932
   1.8300000000000001              182
   1.8400000000000001              986
   1.8500000000000001              946
   1.8600000000000001              960
   1.8700000000000001              966
   1.8799999999999999              930
   1.8899999999999999              954
   1.8999999999999999              976
   1.9099999999999999              974
   1.9199999999999999              954
   1.9299999999999999              960
   1.9399999999999999              944
   1.9500000000000000              912
   1.9600000000000000              946
   1.9700000000000000              952
   1.9800000000000000              922
   1.9900000000000000              738
   2.0000000000000000              912
   2.0099999999999998              872
   2.0200000000000000              926
   2.0299999999999998              874
   2.0400000000000000              918
   2.0499999999999998              946
   2.0600000000000001              918
   2.0699999999999998               18
   2.0800000000000001              904
   2.0899999999999999              912
   2.1000000000000001              882
   2.1099999999999999              906
   2.1200000000000001              896
   2.1299999999999999              930
   2.1400000000000001              950
   2.1499999999999999              860
   2.1600000000000001              912
   2.1699999999999999              810
   2.1800000000000002              816
   2.1899999999999999              792
   2.2000000000000002              838
   2.2100000000000000              720
   2.2200000000000002              822
   2.2300000000000000              822
   2.2400000000000002              746
   2.2500000000000000              712
   2.2599999999999998              818
   2.2700000000000000              812
   2.2799999999999998              754
   2.2900000000000000              782
   2.2999999999999998              624
   2.3100000000000001              658
   2.3199999999999998              784
   2.3300000000000001              660
   2.3399999999999999              158
   2.3500000000000001              780
   2.3599999999999999              610
   2.3700000000000001              596
   2.3799999999999999              564
   2.3900000000000001              632
   2.3999999999999999               82
   2.4100000000000001              570
   2.4199999999999999              508
   2.4300000000000002              722
   2.4399999999999999              378
   2.4500000000000002              222
   2.4600000000000000              288
   2.4700000000000002              236
   2.4800000000000000              650
   2.4900000000000002              530
   2.5000000000000000              336
   2.5099999999999998              350
   2.5200000000000000               44
   2.5299999999999998               66
   2.5400000000000000               78
   2.5499999999999998              258
   2.5600000000000001               96
   2.5699999999999998               82
   2.5800000000000001              302
   2.5899999999999999              304
   2.6000000000000001              366
   2.6099999999999999              176
   2.6200000000000001              432
   2.6299999999999999              122
   2.6400000000000001              276
   2.6499999999999999               54
   2.6600000000000001              184
   2.6699999999999999              244
   2.6800000000000002              206
   2.6899999999999999               58
   2.7000000000000002               54
   2.7100000000000000              276
   2.7200000000000002              356
   2.7300000000000000              260
   2.7400000000000002              116
   2.7500000000000000              186
   2.7599999999999998               16
   2.7700000000000000              236
   2.7799999999999998              174
   2.7900000000000000              250
   2.7999999999999998              160
   2.8100000000000001              378
   2.8199999999999998              202
   2.8300000000000001                8
   2.8399999999999999              232
   2.8500000000000001              188
   2.8599999999999999              182
   2.8700000000000001              298
   2.8799999999999999               82
   2.8900000000000001              136
   2.8999999999999999               92
   2.9100000000000001                2
   2.9199999999999999              210
   2.9300000000000002              138
   2.9399999999999999               28
   2.9500000000000002              156
   2.9600000000000000               26
   2.9700000000000002               10
   2.9800000000000000              198
   2.9900000000000002              130
   3.0000000000000000              244
   3.0099999999999998               20
   3.0200000000000000              240
   3.0299999999999998               38
   3.0400000000000000              228
   3.0499999999999998               42
   3.0600000000000001               86
   3.0699999999999998               18
   3.0800000000000001               88
   3.0899999999999999               30
   3.1000000000000001               60
   3.1099999999999999               72
   3.1200000000000001               12
   3.1299999999999999               96
   3.1400000000000001               72
   3.1499999999999999                4
   3.1600000000000001               18
   3.1699999999999999               18
   3.1800000000000002              170
   3.1899999999999999               20
   3.2000000000000002               56
   3.2100000000000000              148
   3.2200000000000002               80
   3.2300000000000000               72
   3.2400000000000002              116
   3.2500000000000000              156
   3.2599999999999998               64
   3.2700000000000000              152
   3.2799999999999998               90
   3.2900000000000000               92
   3.2999999999999998              112
   3.3100000000000001              160
   3.3199999999999998               14
   3.3300000000000001               90
   3.3399999999999999              118
   3.3500000000000001               96
   3.3599999999999999               50
   3.3700000000000001              154
   3.3799999999999999              200
   3.3900000000000001               72
   3.3999999999999999               46
   3.4100000000000001               34
   3.4199999999999999                4
   3.4300000000000002              170
   3.4399999999999999               88
   3.4500000000000002               58
   3.4600000000000000               24
   3.4700000000000002              188
   3.4800000000000000              192
   3.4900000000000002               32
   3.5000000000000000               40
   3.5099999999999998               18
   3.5200000000000000               10
   3.5299999999999998               32
   3.5400000000000000              176
   3.5499999999999998              116
   3.5600000000000001               20
   3.5699999999999998               28
   3.5800000000000001               14
   3.5899999999999999              100
   3.6000000000000001               76
   3.6099999999999999               10
   3.6200000000000001              160
   3.6299999999999999              110
   3.6400000000000001               36
   3.6499999999999999               96
   3.6600000000000001               60
   3.6699999999999999               44
   3.6800000000000002               88
   3.6899999999999999               70
   3.7000000000000002              136
   3.7100000000000000                0
   3.7200000000000002               92
   3.7300000000000000              214
   3.7400000000000002              100
   3.7500000000000000                2
   3.7599999999999998               20
   3.7700000000000000              106
   3.7799999999999998               28
   3.7900000000000000              110
   3.7999999999999998               98
   3.8100000000000001                8
   3.8199999999999998               86
   3.8300000000000001               14
   3.8399999999999999               44
   3.8500000000000001              202
   3.8599999999999999               16
   3.8700000000000001              154
   3.8799999999999999               48
   3.8900000000000001               80
   3.8999999999999999              108
   3.9100000000000001               80
   3.9199999999999999                6
   3.9300000000000002                2
   3.9399999999999999               26
   3.9500000000000002               96
   3.9600000000000000               80
   3.9700000000000002               78
   3.9800000000000000               12
   3.9900000000000002               98
   4.0000000000000000              110
   4.0099999999999998               86
   4.0199999999999996                6
   4.0300000000000002               88
   4.0400000000000000               70
   4.0499999999999998               60
   4.0599999999999996               58
   4.0700000000000003               18
   4.0800000000000001                0
   4.0899999999999999               60
   4.0999999999999996               44
   4.1100000000000003                8
   4.1200000000000001               18
   4.1299999999999999               74
   4.1399999999999997              118
   4.1500000000000004               66
   4.1600000000000001               54
   4.1699999999999999               18
   4.1799999999999997               18
   4.1900000000000004               84
   4.2000000000000002               94
   4.2100000000000000                0
   4.2199999999999998               80
   4.2300000000000004               46
   4.2400000000000002              140
   4.2500000000000000               96
   4.2599999999999998               70
   4.2699999999999996               48
   4.2800000000000002               78
   4.2900000000000000              202
   4.2999999999999998               90
   4.3099999999999996              128
   4.3200000000000003               50
   4.3300000000000001               50
   4.3399999999999999               14
   4.3499999999999996                6
   4.3600000000000003               52
   4.3700000000000001               26
   4.3799999999999999               76
   4.3899999999999997               26
   4.4000000000000004               96
   4.4100000000000001               10
   4.4199999999999999               16
   4.4299999999999997               54
   4.4400000000000004               84
   4.4500000000000002               42
   4.4600000000000000              122
   4.4699999999999998               80
   4.4800000000000004              118
   4.4900000000000002               58
   4.5000000000000000               24
   4.5099999999999998              118
   4.5199999999999996               22
   4.5300000000000002               68
   4.5400000000000000               14
   4.5499999999999998              134
   4.5599999999999996               42
   4.5700000000000003              104
   4.5800000000000001              110
   4.5899999999999999               22
   4.5999999999999996                0
   4.6100000000000003              124
   4.6200000000000001               76
   4.6299999999999999               56
   4.6399999999999997               60
   4.6500000000000004                4
   4.6600000000000001               48
   4.6699999999999999                4
   4.6799999999999997                2
   4.6900000000000004               10
   4.7000000000000002               80
   4.7100000000000000               16
   4.7199999999999998               48
   4.7300000000000004               38
   4.7400000000000002                0
   4.7500000000000000               46
   4.7599999999999998               50
   4.7699999999999996                4
   4.7800000000000002               66
   4.7900000000000000               36
   4.7999999999999998               24
   4.8099999999999996               28
   4.8200000000000003               46
   4.8300000000000001               50
   4.8399999999999999                0
   4.8499999999999996              122
   4.8600000000000003               16
   4.8700000000000001               72
   4.8799999999999999               48
   4.8899999999999997               36
   4.9000000000000004               98
   4.9100000000000001               20
   4.9199999999999999               10
   4.9299999999999997               28
   4.9400000000000004               48
   4.9500000000000002               14
   4.9600000000000000               18
   4.9699999999999998               10
   4.9800000000000004               22
   4.9900000000000002               60
   5.0000000000000000               28
